{
    "w": 1080,
    "h": 1920,
    "fl_x": 1026.708865367994,
    "fl_y": 1027.2389116155605,
    "cx": 532.4576016452563,
    "cy": 967.8793036252996,
    "k1": -0.007888813808621158,
    "k2": 0.00629545551711391,
    "p1": 0.0009796843533584133,
    "p2": -0.00047471829772861027,
    "camera_model": "OPENCV",
    "frames": [
        {
            "file_path": "images/frame_00001.jpg",
            "transform_matrix": [
                [
                    0.9910249528157696,
                    0.03333715480993296,
                    0.12945337772990062,
                    0.6942044022656997
                ],
                [
                    0.13052543374982056,
                    -0.03227946840681003,
                    -0.9909193443786405,
                    -3.7916301227364215
                ],
                [
                    -0.028855745371120844,
                    0.9989227547856502,
                    -0.036341105246328456,
                    -0.07751787469064847
                ],
                [
                    0.0,
                    0.0,
                    0.0,
                    1.0
                ]
            ],
            "colmap_im_id": 1
        },
        {
            "file_path": "images/frame_00002.jpg",
            "transform_matrix": [
                [
                    0.9995429685331217,
                    0.014575735174408216,
                    0.02648399516916665,
                    0.47885744046030293
                ],
                [
                    0.0266276566249168,
                    -0.009751978075651414,
                    -0.9995978525518537,
                    -3.8233173658750665
                ],
                [
                    -0.014311602239457601,
                    0.9998462116084342,
                    -0.010135638786086396,
                    -0.07909301837362818
                ],
                [
                    0.0,
                    0.0,
                    0.0,
                    1.0
                ]
            ],
            "colmap_im_id": 2
        },
        {
            "file_path": "images/frame_00003.jpg",
            "transform_matrix": [
                [
                    0.9982749426154833,
                    0.0019940973546370457,
                    -0.05867846727542988,
                    0.2220164913171842
                ],
                [
                    -0.05867290986414293,
                    -0.002739714094160244,
                    -0.9982735014086853,
                    -3.815768728104498
                ],
                [
                    -0.0021514167721815363,
                    0.9999942587547304,
                    -0.0026179884357817027,
                    -0.09811821211624105
                ],
                [
                    0.0,
                    0.0,
                    0.0,
                    1.0
                ]
            ],
            "colmap_im_id": 3
        },
        {
            "file_path": "images/frame_00004.jpg",
            "transform_matrix": [
                [
                    0.996000473664659,
                    -0.00360264944562846,
                    -0.08927528984409142,
                    -0.05975081972584458
                ],
                [
                    -0.08930855283699425,
                    -0.01047290706358871,
                    -0.9959489447797009,
                    -3.745488495751617
                ],
                [
                    0.002653083100172724,
                    0.9999386676864784,
                    -0.010752767804348388,
                    -0.0973367662984468
                ],
                [
                    0.0,
                    0.0,
                    0.0,
                    1.0
                ]
            ],
            "colmap_im_id": 4
        },
        {
            "file_path": "images/frame_00005.jpg",
            "transform_matrix": [
                [
                    0.9929447219307492,
                    -0.007758926899844638,
                    -0.11832403916039244,
                    -0.3567369249513448
                ],
                [
                    -0.1183582577742108,
                    -0.004108642332299677,
                    -0.9929624574347403,
                    -3.7369149284170855
                ],
                [
                    0.007218171965303171,
                    0.9999614583130433,
                    -0.004997987788221278,
                    -0.09618075907774788
                ],
                [
                    0.0,
                    0.0,
                    0.0,
                    1.0
                ]
            ],
            "colmap_im_id": 5
        },
        {
            "file_path": "images/frame_00006.jpg",
            "transform_matrix": [
                [
                    0.986196749085495,
                    -0.012318263716539646,
                    -0.16511884348011566,
                    -0.6410088800290079
                ],
                [
                    -0.16497639985500895,
                    0.011807312716649266,
                    -0.9862268374249867,
                    -3.722855264862608
                ],
                [
                    0.01409821208811105,
                    0.9998544132749632,
                    0.009612110616176039,
                    -0.09513090148784184
                ],
                [
                    0.0,
                    0.0,
                    0.0,
                    1.0
                ]
            ],
            "colmap_im_id": 6
        },
        {
            "file_path": "images/frame_00007.jpg",
            "transform_matrix": [
                [
                    0.9781553299397158,
                    -0.015067905793810793,
                    -0.20732850437292635,
                    -0.8813415682921459
                ],
                [
                    -0.20689273955719237,
                    0.026292442859666122,
                    -0.9780102769229938,
                    -3.616779277265702
                ],
                [
                    0.02018773957245968,
                    0.999540727366054,
                    0.022600652811246635,
                    -0.10514961333156521
                ],
                [
                    0.0,
                    0.0,
                    0.0,
                    1.0
                ]
            ],
            "colmap_im_id": 7
        },
        {
            "file_path": "images/frame_00008.jpg",
            "transform_matrix": [
                [
                    0.9651558255445187,
                    -0.018888532270669698,
                    -0.260993210191641,
                    -1.1129784726352512
                ],
                [
                    -0.2601344624606123,
                    0.03883851821268512,
                    -0.9647909778513537,
                    -3.526469008705872
                ],
                [
                    0.028360075067011478,
                    0.999066961145099,
                    0.03257166391958935,
                    -0.11907376012953665
                ],
                [
                    0.0,
                    0.0,
                    0.0,
                    1.0
                ]
            ],
            "colmap_im_id": 8
        },
        {
            "file_path": "images/frame_00009.jpg",
            "transform_matrix": [
                [
                    0.9321821230838795,
                    -0.026023614478955466,
                    -0.36105298903662547,
                    -1.3813176953714614
                ],
                [
                    -0.35932692904217994,
                    0.05423218498744329,
                    -0.9316346001392414,
                    -3.4399517170700977
                ],
                [
                    0.043825192160983045,
                    0.9981891812682295,
                    0.0412032878677719,
                    -0.12175204815320488
                ],
                [
                    0.0,
                    0.0,
                    0.0,
                    1.0
                ]
            ],
            "colmap_im_id": 9
        },
        {
            "file_path": "images/frame_00010.jpg",
            "transform_matrix": [
                [
                    0.8859311746732268,
                    -0.028850957571027555,
                    -0.46291854141884536,
                    -1.5911194214133366
                ],
                [
                    -0.460409929762651,
                    0.06604322311493876,
                    -0.8852462873441161,
                    -3.3034020809672766
                ],
                [
                    0.056112835591041604,
                    0.997399576362365,
                    0.04522648288456165,
                    -0.1463105307184252
                ],
                [
                    0.0,
                    0.0,
                    0.0,
                    1.0
                ]
            ],
            "colmap_im_id": 10
        },
        {
            "file_path": "images/frame_00011.jpg",
            "transform_matrix": [
                [
                    0.8496044260824389,
                    -0.026657057368165378,
                    -0.5267463530710009,
                    -1.7895065969566035
                ],
                [
                    -0.5243977748333326,
                    0.06407600845324583,
                    -0.8490590314522006,
                    -3.155012461436014
                ],
                [
                    0.05638521908247414,
                    0.9975889265790644,
                    0.04046035882010301,
                    -0.15804051383195325
                ],
                [
                    0.0,
                    0.0,
                    0.0,
                    1.0
                ]
            ],
            "colmap_im_id": 11
        },
        {
            "file_path": "images/frame_00012.jpg",
            "transform_matrix": [
                [
                    0.829928073112989,
                    -0.0269728768922882,
                    -0.5572179621755875,
                    -2.041983650184987
                ],
                [
                    -0.5551889657094567,
                    0.05788029276587432,
                    -0.8297078305426557,
                    -3.029112910306648
                ],
                [
                    0.054631545954921465,
                    0.9979590851440203,
                    0.03306143622235977,
                    -0.1589646377320926
                ],
                [
                    0.0,
                    0.0,
                    0.0,
                    1.0
                ]
            ],
            "colmap_im_id": 12
        },
        {
            "file_path": "images/frame_00013.jpg",
            "transform_matrix": [
                [
                    0.8181683217227023,
                    -0.027564935080174033,
                    -0.5743176574714401,
                    -2.2369742451219734
                ],
                [
                    -0.572587332054119,
                    0.05194504938961473,
                    -0.8181964672467467,
                    -2.88267163224788
                ],
                [
                    0.0523864915851661,
                    0.998269445689858,
                    0.026716461245102106,
                    -0.18370035554490435
                ],
                [
                    0.0,
                    0.0,
                    0.0,
                    1.0
                ]
            ],
            "colmap_im_id": 13
        },
        {
            "file_path": "images/frame_00014.jpg",
            "transform_matrix": [
                [
                    0.8042576815973616,
                    -0.026511189686948218,
                    -0.5936890923817112,
                    -2.4015777968825613
                ],
                [
                    -0.5921287785787355,
                    0.049190893527183116,
                    -0.8043405780966496,
                    -2.698458043833332
                ],
                [
                    0.05052812257042859,
                    0.9984374856821935,
                    0.023864115615873132,
                    -0.1961103307759095
                ],
                [
                    0.0,
                    0.0,
                    0.0,
                    1.0
                ]
            ],
            "colmap_im_id": 14
        },
        {
            "file_path": "images/frame_00015.jpg",
            "transform_matrix": [
                [
                    0.7725945148844912,
                    -0.02209811796026771,
                    -0.6345150815804239,
                    -2.5580045935205646
                ],
                [
                    -0.6326054242899947,
                    0.05809243307282795,
                    -0.7722924616869924,
                    -2.53204936709624
                ],
                [
                    0.05392673482859544,
                    0.9980666021875961,
                    0.03090250586009578,
                    -0.2202806190727982
                ],
                [
                    0.0,
                    0.0,
                    0.0,
                    1.0
                ]
            ],
            "colmap_im_id": 15
        },
        {
            "file_path": "images/frame_00016.jpg",
            "transform_matrix": [
                [
                    0.7243654787974799,
                    -0.005255800266543799,
                    -0.6893961340840667,
                    -2.704114034527763
                ],
                [
                    -0.686682580045661,
                    0.08346016824890475,
                    -0.7221505622636457,
                    -2.325216015068448
                ],
                [
                    0.06133259645843068,
                    0.9964972538243255,
                    0.05684659824690118,
                    -0.2552502597072159
                ],
                [
                    0.0,
                    0.0,
                    0.0,
                    1.0
                ]
            ],
            "colmap_im_id": 16
        },
        {
            "file_path": "images/frame_00017.jpg",
            "transform_matrix": [
                [
                    0.6921154736184538,
                    0.0007735310868292562,
                    -0.7217863761720368,
                    -2.7647561851561826
                ],
                [
                    -0.7188128914632615,
                    0.09142161833680373,
                    -0.6891662461024226,
                    -2.1723720528853687
                ],
                [
                    0.06545378708775096,
                    0.9958119748980413,
                    0.06383034079130288,
                    -0.2548361232908081
                ],
                [
                    0.0,
                    0.0,
                    0.0,
                    1.0
                ]
            ],
            "colmap_im_id": 17
        },
        {
            "file_path": "images/frame_00018.jpg",
            "transform_matrix": [
                [
                    0.6571656663945645,
                    -0.01461769148668077,
                    -0.7536044121472407,
                    -2.8032380362032128
                ],
                [
                    -0.7504337470680332,
                    0.08094152838576167,
                    -0.655970776974103,
                    -1.9308647593734258
                ],
                [
                    0.0705866713595368,
                    0.9966116556002028,
                    0.04222238444478931,
                    -0.2189614789832482
                ],
                [
                    0.0,
                    0.0,
                    0.0,
                    1.0
                ]
            ],
            "colmap_im_id": 18
        },
        {
            "file_path": "images/frame_00019.jpg",
            "transform_matrix": [
                [
                    0.5875415142725537,
                    -0.03888667180781023,
                    -0.808259114246184,
                    -2.8701967103608665
                ],
                [
                    -0.8051318054627652,
                    0.0718659600467115,
                    -0.5887257932338553,
                    -1.754042057296562
                ],
                [
                    0.08097990391808438,
                    0.9966559639826956,
                    0.010915338709435446,
                    -0.17159520269052297
                ],
                [
                    0.0,
                    0.0,
                    0.0,
                    1.0
                ]
            ],
            "colmap_im_id": 19
        },
        {
            "file_path": "images/frame_00020.jpg",
            "transform_matrix": [
                [
                    0.4864744824120424,
                    -0.0658889329643431,
                    -0.8712067644794523,
                    -3.014577234440122
                ],
                [
                    -0.868577693244361,
                    0.07129125020363206,
                    -0.4903981529764443,
                    -1.5277051631584235
                ],
                [
                    0.09442123045290399,
                    0.9952769494754831,
                    -0.02254828336118215,
                    -0.1476713505526557
                ],
                [
                    0.0,
                    0.0,
                    0.0,
                    1.0
                ]
            ],
            "colmap_im_id": 20
        },
        {
            "file_path": "images/frame_00021.jpg",
            "transform_matrix": [
                [
                    0.39678563284003393,
                    -0.08382049167830931,
                    -0.9140761930750302,
                    -3.1420319688818963
                ],
                [
                    -0.9119349749914313,
                    0.0774530744939888,
                    -0.40295858675403046,
                    -1.3808884155498649
                ],
                [
                    0.10457419834314148,
                    0.9934662281256645,
                    -0.045706570803924894,
                    -0.09611550003402013
                ],
                [
                    0.0,
                    0.0,
                    0.0,
                    1.0
                ]
            ],
            "colmap_im_id": 21
        },
        {
            "file_path": "images/frame_00022.jpg",
            "transform_matrix": [
                [
                    0.33886269133969255,
                    -0.09289035441578465,
                    -0.936238996450442,
                    -3.275340758131617
                ],
                [
                    -0.9342365101033084,
                    0.08443521690473771,
                    -0.34651527720468783,
                    -1.162781608431426
                ],
                [
                    0.11123946964999434,
                    0.9920897520903841,
                    -0.058169615687471914,
                    -0.0913834966771743
                ],
                [
                    0.0,
                    0.0,
                    0.0,
                    1.0
                ]
            ],
            "colmap_im_id": 22
        },
        {
            "file_path": "images/frame_00023.jpg",
            "transform_matrix": [
                [
                    0.2993907577227266,
                    -0.09384543518838628,
                    -0.949504190872538,
                    -3.3756964108892658
                ],
                [
                    -0.9470815674716606,
                    0.09151306316764228,
                    -0.3076716818706219,
                    -0.9165130072953321
                ],
                [
                    0.11576561987755095,
                    0.9913719753775461,
                    -0.06148111653498889,
                    -0.008994906085987877
                ],
                [
                    0.0,
                    0.0,
                    0.0,
                    1.0
                ]
            ],
            "colmap_im_id": 23
        },
        {
            "file_path": "images/frame_00024.jpg",
            "transform_matrix": [
                [
                    0.2514008881834176,
                    -0.08922148929948567,
                    -0.9637619619323904,
                    -3.5304827260213467
                ],
                [
                    -0.9603411338337478,
                    0.10106928374583007,
                    -0.2598651699439858,
                    -0.622811222552908
                ],
                [
                    0.12059228867344896,
                    0.990870589799842,
                    -0.06027415849444016,
                    0.026058035219493812
                ],
                [
                    0.0,
                    0.0,
                    0.0,
                    1.0
                ]
            ],
            "colmap_im_id": 24
        },
        {
            "file_path": "images/frame_00025.jpg",
            "transform_matrix": [
                [
                    0.19654365156909306,
                    -0.0763192466844588,
                    -0.9775203146806735,
                    -3.610975906835852
                ],
                [
                    -0.9724803256917417,
                    0.1120386664636558,
                    -0.20427763793310488,
                    -0.4068535086598731
                ],
                [
                    0.12511038793949103,
                    0.9907687468842377,
                    -0.05219847724855232,
                    0.06534947146499293
                ],
                [
                    0.0,
                    0.0,
                    0.0,
                    1.0
                ]
            ],
            "colmap_im_id": 25
        },
        {
            "file_path": "images/frame_00026.jpg",
            "transform_matrix": [
                [
                    0.14737936363558674,
                    -0.06285939309361094,
                    -0.9870805538932846,
                    -3.6189084213154077
                ],
                [
                    -0.9805948645333618,
                    0.12115587427999401,
                    -0.1541264603442539,
                    -0.13579038669016855
                ],
                [
                    0.1292789032486279,
                    0.9906411816734418,
                    -0.04378372240317997,
                    0.08796889096790335
                ],
                [
                    0.0,
                    0.0,
                    0.0,
                    1.0
                ]
            ],
            "colmap_im_id": 26
        },
        {
            "file_path": "images/frame_00027.jpg",
            "transform_matrix": [
                [
                    0.10749168344694317,
                    -0.052905310388358766,
                    -0.9927973439340242,
                    -3.664116745291984
                ],
                [
                    -0.9853819366009322,
                    0.1270791059584301,
                    -0.11346074144567296,
                    0.07158524613107226
                ],
                [
                    0.1321664746081165,
                    0.9904806555211049,
                    -0.03847199017655031,
                    0.1480815002600262
                ],
                [
                    0.0,
                    0.0,
                    0.0,
                    1.0
                ]
            ],
            "colmap_im_id": 27
        },
        {
            "file_path": "images/frame_00028.jpg",
            "transform_matrix": [
                [
                    0.03951715100822252,
                    -0.04403306529243005,
                    -0.9982482075802324,
                    -3.751295451425361
                ],
                [
                    -0.9898740988898751,
                    0.13458547467305096,
                    -0.04512226007180706,
                    0.25623158668985585
                ],
                [
                    0.1363365802825917,
                    0.9899231481120048,
                    -0.03826875630153491,
                    0.2352044358800052
                ],
                [
                    0.0,
                    0.0,
                    0.0,
                    1.0
                ]
            ],
            "colmap_im_id": 28
        },
        {
            "file_path": "images/frame_00029.jpg",
            "transform_matrix": [
                [
                    -0.03768354363391875,
                    -0.03236441735517288,
                    -0.998765485501201,
                    -3.7652795538179573
                ],
                [
                    -0.9893908861508727,
                    0.14153992165055382,
                    0.032743319635379686,
                    0.392959276280104
                ],
                [
                    0.1403054701028441,
                    0.9894033530711401,
                    -0.03735478538025137,
                    0.2510887287155633
                ],
                [
                    0.0,
                    0.0,
                    0.0,
                    1.0
                ]
            ],
            "colmap_im_id": 29
        },
        {
            "file_path": "images/frame_00030.jpg",
            "transform_matrix": [
                [
                    -0.08119199565652045,
                    -0.03441707147541899,
                    -0.9961040733941237,
                    -3.750194859417249
                ],
                [
                    -0.9864457921293253,
                    0.14575409986372376,
                    0.07536870413680889,
                    0.6052127117203587
                ],
                [
                    0.14259228251086298,
                    0.9887220072214292,
                    -0.04578464157739696,
                    0.22500085422007496
                ],
                [
                    0.0,
                    0.0,
                    0.0,
                    1.0
                ]
            ],
            "colmap_im_id": 30
        },
        {
            "file_path": "images/frame_00031.jpg",
            "transform_matrix": [
                [
                    -0.10880247687968278,
                    -0.0436151860260117,
                    -0.9931061053949681,
                    -3.73366026126042
                ],
                [
                    -0.9836572657048421,
                    0.1489002971532111,
                    0.10122788713471415,
                    0.7938367809498407
                ],
                [
                    0.1434587210695783,
                    0.9878898810371537,
                    -0.059103115767944935,
                    0.31651991139689745
                ],
                [
                    0.0,
                    0.0,
                    0.0,
                    1.0
                ]
            ],
            "colmap_im_id": 31
        },
        {
            "file_path": "images/frame_00032.jpg",
            "transform_matrix": [
                [
                    -0.1278473277284715,
                    -0.04989572979044207,
                    -0.9905379734979209,
                    -3.7264265446806175
                ],
                [
                    -0.9811534565522952,
                    0.1522661048135438,
                    0.11896607928478521,
                    0.9253575022696447
                ],
                [
                    0.14488945954820776,
                    0.9870792518706845,
                    -0.06842218235512648,
                    0.3311974286153671
                ],
                [
                    0.0,
                    0.0,
                    0.0,
                    1.0
                ]
            ],
            "colmap_im_id": 32
        },
        {
            "file_path": "images/frame_00033.jpg",
            "transform_matrix": [
                [
                    -0.1576793655837667,
                    -0.045556867223254305,
                    -0.986438943634072,
                    -3.748564284048194
                ],
                [
                    -0.9765772380889916,
                    0.15529473751137157,
                    0.14893099928406883,
                    1.1786155900106097
                ],
                [
                    0.146403947062837,
                    0.9868171646004528,
                    -0.06897657525816323,
                    0.34689549185818824
                ],
                [
                    0.0,
                    0.0,
                    0.0,
                    1.0
                ]
            ],
            "colmap_im_id": 33
        },
        {
            "file_path": "images/frame_00034.jpg",
            "transform_matrix": [
                [
                    -0.18893265982091972,
                    -0.0358384644119288,
                    -0.9813358520514717,
                    -3.7460988866333182
                ],
                [
                    -0.9708700840739879,
                    0.15678243404134548,
                    0.18119202031612508,
                    1.3785570768138564
                ],
                [
                    0.14736257972484249,
                    0.9869827115226821,
                    -0.06441581523332122,
                    0.40580213370206325
                ],
                [
                    0.0,
                    0.0,
                    0.0,
                    1.0
                ]
            ],
            "colmap_im_id": 34
        },
        {
            "file_path": "images/frame_00035.jpg",
            "transform_matrix": [
                [
                    -0.21245172635398954,
                    -0.03342826567504435,
                    -0.9765996185864336,
                    -3.6917285246529565
                ],
                [
                    -0.9658387009525334,
                    0.15895223325191932,
                    0.2046699569710954,
                    1.5820215104395012
                ],
                [
                    0.1483909286699566,
                    0.9867201926575669,
                    -0.06605598905687332,
                    0.38535862710858315
                ],
                [
                    0.0,
                    0.0,
                    0.0,
                    1.0
                ]
            ],
            "colmap_im_id": 35
        },
        {
            "file_path": "images/frame_00036.jpg",
            "transform_matrix": [
                [
                    -0.2428663476809837,
                    -0.030340287693477408,
                    -0.9695851711462888,
                    -3.647314271222284
                ],
                [
                    -0.9585246915845629,
                    0.16118610683716025,
                    0.2350520252739794,
                    1.7576896706573852
                ],
                [
                    0.1491521129143649,
                    0.9864575540312704,
                    -0.06822859596843517,
                    0.45872081910862456
                ],
                [
                    0.0,
                    0.0,
                    0.0,
                    1.0
                ]
            ],
            "colmap_im_id": 36
        },
        {
            "file_path": "images/frame_00037.jpg",
            "transform_matrix": [
                [
                    -0.2884666583435162,
                    -0.02238424323340633,
                    -0.9572282552656872,
                    -3.6381525155973566
                ],
                [
                    -0.9456864939662641,
                    0.16315224945646228,
                    0.2811732537548518,
                    1.822200389702509
                ],
                [
                    0.14988009258710472,
                    0.9863469415738887,
                    -0.06823246070542165,
                    0.4775600921331105
                ],
                [
                    0.0,
                    0.0,
                    0.0,
                    1.0
                ]
            ],
            "colmap_im_id": 37
        },
        {
            "file_path": "images/frame_00038.jpg",
            "transform_matrix": [
                [
                    -0.3518562002700375,
                    -0.007384216957981215,
                    -0.9360249396631732,
                    -3.654386413834546
                ],
                [
                    -0.9239842063986115,
                    0.16280533512212442,
                    0.3460456749934892,
                    1.9458966312832673
                ],
                [
                    0.14983457764300628,
                    0.9866305773670762,
                    -0.06410696644555634,
                    0.4681473938473979
                ],
                [
                    0.0,
                    0.0,
                    0.0,
                    1.0
                ]
            ],
            "colmap_im_id": 38
        },
        {
            "file_path": "images/frame_00039.jpg",
            "transform_matrix": [
                [
                    -0.42861505536045363,
                    0.024960129390802888,
                    -0.9031423621219137,
                    -3.6912307102507134
                ],
                [
                    -0.8910975255167096,
                    0.15329860118146504,
                    0.4271355041363375,
                    2.2049662461301525
                ],
                [
                    0.1491118182316623,
                    0.9878646318279649,
                    -0.043464178895352396,
                    0.4919375215151212
                ],
                [
                    0.0,
                    0.0,
                    0.0,
                    1.0
                ]
            ],
            "colmap_im_id": 39
        },
        {
            "file_path": "images/frame_00040.jpg",
            "transform_matrix": [
                [
                    -0.47095724747855433,
                    0.05702110027945823,
                    -0.8803112319914724,
                    -3.643391576473439
                ],
                [
                    -0.8696152368525755,
                    0.1376575337583406,
                    0.4741516036389738,
                    2.4023252981506102
                ],
                [
                    0.14821811927447637,
                    0.9888371946496002,
                    -0.01524439556839873,
                    0.5281967621627903
                ],
                [
                    0.0,
                    0.0,
                    0.0,
                    1.0
                ]
            ],
            "colmap_im_id": 40
        },
        {
            "file_path": "images/frame_00041.jpg",
            "transform_matrix": [
                [
                    -0.48329519317930114,
                    0.07057544089679722,
                    -0.8726080812094307,
                    -3.46826766727748
                ],
                [
                    -0.8628016341103532,
                    0.13047178049851788,
                    0.48841627191367204,
                    2.603020914828214
                ],
                [
                    0.14832092376426712,
                    0.9889369148918293,
                    -0.002163778626663283,
                    0.493467686635694
                ],
                [
                    0.0,
                    0.0,
                    0.0,
                    1.0
                ]
            ],
            "colmap_im_id": 41
        },
        {
            "file_path": "images/frame_00042.jpg",
            "transform_matrix": [
                [
                    -0.5086430971950975,
                    0.07937978480895717,
                    -0.8573103577115252,
                    -3.284415137473658
                ],
                [
                    -0.8481924522356841,
                    0.12476213295425805,
                    0.5147853670716774,
                    2.7580362531969147
                ],
                [
                    0.1478234204928175,
                    0.9890061981324424,
                    0.003869936616529966,
                    0.45548016088403087
                ],
                [
                    0.0,
                    0.0,
                    0.0,
                    1.0
                ]
            ],
            "colmap_im_id": 42
        },
        {
            "file_path": "images/frame_00043.jpg",
            "transform_matrix": [
                [
                    -0.5822603154847444,
                    0.08850013938885218,
                    -0.8081711763851515,
                    -3.054790523920565
                ],
                [
                    -0.8001089212763381,
                    0.11395713914239765,
                    0.5889307977449428,
                    2.926209103915777
                ],
                [
                    0.14421733288901323,
                    0.9895360002378055,
                    0.004457031270428703,
                    0.43170492547526856
                ],
                [
                    0.0,
                    0.0,
                    0.0,
                    1.0
                ]
            ],
            "colmap_im_id": 43
        },
        {
            "file_path": "images/frame_00044.jpg",
            "transform_matrix": [
                [
                    -0.6658764986736734,
                    0.09388549090596501,
                    -0.7401310715754577,
                    -2.7652075002577194
                ],
                [
                    -0.7331458557028222,
                    0.10145337071495672,
                    0.672461424794278,
                    3.033968658734799
                ],
                [
                    0.13822316296433854,
                    0.9904002868375593,
                    0.0012763432980156504,
                    0.4053889842378949
                ],
                [
                    0.0,
                    0.0,
                    0.0,
                    1.0
                ]
            ],
            "colmap_im_id": 44
        },
        {
            "file_path": "images/frame_00045.jpg",
            "transform_matrix": [
                [
                    -0.707742006079906,
                    0.09674678084058908,
                    -0.6998151993397775,
                    -2.4661227937742254
                ],
                [
                    -0.693412691836015,
                    0.09444686504649838,
                    0.7143238960608971,
                    3.1279715893555733
                ],
                [
                    0.13520388911093173,
                    0.9908177683509071,
                    0.0002414319931749115,
